{
    "canon eos-1ds mark iii": [
        [
            0.31470660446845083,
            0.5023324330959981,
            0.18296096243555118
        ],
        [
            0.2111351288193025,
            0.46813109773908984,
            0.3207337734416077
        ],
        [
            0.213021607110277,
            0.47027393332812034,
            0.31670445956160254
        ],
        [
            0.2085917023588826,
            0.4738647744465043,
            0.3175435231946131
        ],
        [
            0.19692227438706308,
            0.4572248304642671,
            0.34585289514866985
        ],
        [
            0.22870990883799064,
            0.46158422424804463,
            0.30970586691396473
        ],
        [
            0.35752389419871095,
            0.4775505667926204,
            0.16492553900866871
        ],
        [
            0.21304880852041985,
            0.4592751513294001,
            0.3276760401501799
        ],
        [
            0.2287018471908195,
            0.4783498997483042,
            0.2929482530608763
        ],
        [
            0.1938304190036292,
            0.47319366545694486,
            0.33297591553942585
        ],
        [
            0.2487932421560741,
            0.46560740144810936,
            0.2855993563958166
        ],
        [
            0.20562699577112278,
            0.4783464227151117,
            0.3160265815137654
        ],
        [
            0.21553884711779453,
            0.4691814281466378,
            0.3152797247355677
        ],
        [
            0.20979902050437932,
            0.46050519213964913,
            0.32969578735597155
        ],
        [
            0.235378353934278,
            0.4729424178474526,
            0.2916792282182694
        ],
        [
            0.20772855796418482,
            0.46729500471253527,
            0.3249764373232799
        ],
        [
            0.21349907831923254,
            0.45857163113863014,
            0.3279292905421374
        ],
        [
            0.3835651074589127,
            0.48634639696586585,
            0.13008849557522137
        ],
        [
            0.21106107839741367,
            0.46582380787437927,
            0.32311511372820695
        ],
        [
            0.2086700152871807,
            0.4658222319283687,
            0.3255077527844506
        ],
        [
            0.29793211957743304,
            0.5067430883344574,
            0.19532479208810968
        ],
        [
            0.21729696218226907,
            0.4637321760694358,
            0.31897086174829503
        ],
        [
            0.1857535753575357,
            0.44713971397139723,
            0.3671067106710671
        ],
        [
            0.22476111341919394,
            0.4726690011276634,
            0.3025698854531426
        ],
        [
            0.17964156599379877,
            0.4508471959550736,
            0.3695112380511276
        ],
        [
            0.22422694876255683,
            0.467871373253269,
            0.3079016779841742
        ],
        [
            0.20344446048010778,
            0.4625006013373743,
            0.3340549381825179
        ],
        [
            0.1958217157635269,
            0.45516628278175125,
            0.34901200145472194
        ],
        [
            0.19002897074273345,
            0.44968323198879373,
            0.36028779726847276
        ],
        [
            0.18918216579426067,
            0.4548390689386346,
            0.35597876526710487
        ],
        [
            0.21021364466682552,
            0.45916924787546665,
            0.33061710745770784
        ],
        [
            0.22268483472117084,
            0.4608601788768329,
            0.3164549864019962
        ],
        [
            0.21813224267211995,
            0.4673937741422404,
            0.31447398318563974
        ],
        [
            0.19802932304084941,
            0.4585512362836405,
            0.34341944067551017
        ],
        [
            0.220066811228975,
            0.4627849733341146,
            0.31714821543691024
        ],
        [
            0.20357453722509136,
            0.4569256658736146,
            0.339499796901294
        ],
        [
            0.22670723461798523,
            0.4601757944557132,
            0.3131169709263015
        ],
        [
            0.29280926264472895,
            0.511121267519805,
            0.19606946983546594
        ],
        [
            0.3142726440988104,
            0.49702653247941453,
            0.188700823421775
        ],
        [
            0.21156211562115626,
            0.4689610161407736,
            0.31947686823807014
        ],
        [
            0.19161142857142852,
            0.46377142857142856,
            0.34461714285714284
        ],
        [
            0.20112967757119332,
            0.4585078842080489,
            0.3403624382207578
        ],
        [
            0.20696599045346062,
            0.4665871121718376,
            0.32644689737470167
        ],
        [
            0.2032896348934084,
            0.4641019358000491,
            0.33260842930654255
        ],
        [
            0.24834874504623522,
            0.47387347717598693,
            0.2777777777777778
        ],
        [
            0.20869982168811904,
            0.46608328213734523,
            0.32521689617453586
        ],
        [
            0.2120309708159619,
            0.4633083602394909,
            0.32466066894454715
        ],
        [
            0.21068286552157528,
            0.4616254713028906,
            0.3276916631755341
        ],
        [
            0.22554990327434263,
            0.4668625062692556,
            0.3075875904564018
        ],
        [
            0.21309883993722387,
            0.4630543465950458,
            0.3238468134677303
        ],
        [
            0.21439060205580018,
            0.4600819228688462,
            0.32552747507535357
        ],
        [
            0.2169363218049577,
            0.48018405818613635,
            0.30287962000890606
        ],
        [
            0.21312204968450502,
            0.4626730454408187,
            0.32420490487467624
        ],
        [
            0.21790734238867024,
            0.4687141658096015,
            0.31337849180172833
        ],
        [
            0.20357258986542476,
            0.4560453968553657,
            0.3403820132792096
        ],
        [
            0.21507689624095125,
            0.46270023548565287,
            0.3222228682733959
        ],
        [
            0.21858685689236038,
            0.45785677280516485,
            0.32355637030247475
        ],
        [
            0.21416057282145035,
            0.4616849482023157,
            0.324154478976234
        ],
        [
            0.22735847585787552,
            0.4659422210442619,
            0.30669930309786264
        ],
        [
            0.21523761959835977,
            0.4610713910209232,
            0.323690989380717
        ],
        [
            0.2260021410729155,
            0.4658617818484596,
            0.308136077078625
        ],
        [
            0.21987201909425733,
            0.46291228575543725,
            0.31721569515030557
        ],
        [
            0.21205474644674505,
            0.4623837515353571,
            0.32556150201789785
        ],
        [
            0.28967391304347834,
            0.41570652173913036,
            0.2946195652173913
        ],
        [
            0.3020726150227841,
            0.43774805232985436,
            0.2601793326473615
        ],
        [
            0.20940133037694011,
            0.4578270509977827,
            0.3327716186252771
        ],
        [
            0.4637754244410826,
            0.39603294671373357,
            0.1401916288451838
        ],
        [
            0.3626406752411575,
            0.4712620578778136,
            0.16609726688102894
        ],
        [
            0.3380046284391874,
            0.45493700179994867,
            0.20705836976086398
        ],
        [
            0.2193626953521413,
            0.4606860158311344,
            0.3199512888167243
        ],
        [
            0.21970449563997035,
            0.46170585174322337,
            0.31858965261680633
        ],
        [
            0.18746688644257373,
            0.4529640313180668,
            0.3595690822393594
        ],
        [
            0.22256923712855364,
            0.46456620585128366,
            0.3128645570201627
        ],
        [
            0.21692157061345763,
            0.4573415712886997,
            0.3257368580978427
        ],
        [
            0.22273725298853386,
            0.46279580385459856,
            0.31446694315686763
        ],
        [
            0.23835101825611288,
            0.460670269557767,
            0.3009787121861201
        ],
        [
            0.196103618068936,
            0.45038535645472055,
            0.35351102547634333
        ],
        [
            0.2090343091800238,
            0.4672142005563652,
            0.32375149026361105
        ],
        [
            0.21565190088699335,
            0.4579136031816635,
            0.32643449593134316
        ],
        [
            0.23295335128156364,
            0.4647257223495502,
            0.30232092636888624
        ],
        [
            0.20749014454664905,
            0.45497152869031965,
            0.33753832676303125
        ],
        [
            0.24165341812400637,
            0.469721057956352,
            0.2886255239196416
        ],
        [
            0.2517042475091768,
            0.475301520713162,
            0.2729942317776613
        ],
        [
            0.2249422484599589,
            0.46791581108829583,
            0.3071419404517453
        ],
        [
            0.20239690337948496,
            0.45719815393777,
            0.34040494268274507
        ],
        [
            0.20090211176162376,
            0.4562156867211882,
            0.34288220151718807
        ],
        [
            0.2057016759110158,
            0.46352955209637975,
            0.3307687719926045
        ],
        [
            0.21670305676855903,
            0.4609261280931586,
            0.3223708151382823
        ],
        [
            0.2218407867879013,
            0.46441825941733156,
            0.3137409537947672
        ],
        [
            0.2313149451002325,
            0.4652497718642373,
            0.30343528303553025
        ],
        [
            0.22617088607594948,
            0.4611075949367089,
            0.31272151898734174
        ],
        [
            0.22424599473055465,
            0.4646276204035543,
            0.311126384865891
        ],
        [
            0.21123978813178912,
            0.46166621779333866,
            0.32709399407487216
        ],
        [
            0.20487853844609527,
            0.45613330656494677,
            0.33898815498895796
        ],
        [
            0.20967281719611938,
            0.4643808255659123,
            0.3259463572379682
        ],
        [
            0.21360976995171826,
            0.46792388525986933,
            0.31846634478841235
        ],
        [
            0.19395909158060143,
            0.4499254623349763,
            0.3561154460844223
        ],
        [
            0.1926386640538469,
            0.44934821504643435,
            0.35801312089971876
        ],
        [
            0.1773028615000106,
            0.4416791985258298,
            0.3810179399741596
        ],
        [
            0.22219769192172595,
            0.4635423983943802,
            0.31425990968389367
        ],
        [
            0.22812710463478852,
            0.48490785526235225,
            0.2869650401028592
        ],
        [
            0.22323339313892912,
            0.4618793368063812,
            0.3148872700546897
        ],
        [
            0.2135045998958514,
            0.4615228837586067,
            0.32497251634554186
        ],
        [
            0.21225507389255954,
            0.4567877828440341,
            0.33095714326340636
        ],
        [
            0.2191526079323991,
            0.4611711148799428,
            0.3196762771876581
        ],
        [
            0.22269201520912546,
            0.4661596958174905,
            0.31114828897338404
        ],
        [
            0.22130862767805445,
            0.46276780544296464,
            0.3159235668789809
        ],
        [
            0.21346194170685684,
            0.4618997693436779,
            0.32463828894946534
        ],
        [
            0.23152903990517582,
            0.46180094105815167,
            0.3066700190366725
        ],
        [
            0.22144148951940468,
            0.4682320851492781,
            0.31032642533131716
        ],
        [
            0.21561964273034354,
            0.467443016402755,
            0.31693734086690134
        ],
        [
            0.2233544303797467,
            0.46943037974683555,
            0.3072151898734178
        ],
        [
            0.2237043212449632,
            0.46964012783104075,
            0.3066555509239961
        ],
        [
            0.22403579799701676,
            0.46658853611762197,
            0.3093756658853613
        ],
        [
            0.2059684501544967,
            0.4608879492600422,
            0.33314360058546116
        ],
        [
            0.1931366047745358,
            0.45885831122900084,
            0.34800508399646335
        ],
        [
            0.2112721677868653,
            0.46068507571463263,
            0.3280427564985021
        ],
        [
            0.35570431069305797,
            0.4911997230076749,
            0.15309596629926708
        ],
        [
            0.39146057915874005,
            0.47896850560135285,
            0.129570915239907
        ],
        [
            0.212724287894934,
            0.46049940957921714,
            0.3267763025258489
        ],
        [
            0.21897719117601178,
            0.4596711285843552,
            0.32135168023963306
        ],
        [
            0.21141828624587938,
            0.45802576496046277,
            0.3305559487936579
        ],
        [
            0.220622350211983,
            0.45796336293096557,
            0.32141428685705137
        ],
        [
            0.21156558533145273,
            0.4608874905066723,
            0.3275469241618749
        ],
        [
            0.22749638205499273,
            0.45972021225277376,
            0.31278340569223356
        ],
        [
            0.2225557890523367,
            0.46292404683278277,
            0.31452016411488054
        ],
        [
            0.2450028555111363,
            0.46601941747572834,
            0.2889777270131354
        ],
        [
            0.21969990752617605,
            0.46066879455895954,
            0.3196312979148644
        ],
        [
            0.21316936598504446,
            0.4628769890491549,
            0.3239536449658007
        ],
        [
            0.4181210709104497,
            0.47848067877082695,
            0.10339825031872338
        ],
        [
            0.44704982795972986,
            0.4477294932245869,
            0.1052206788156833
        ],
        [
            0.2090840840840841,
            0.48611111111111116,
            0.3048048048048048
        ],
        [
            0.26398763523956753,
            0.49026275115919604,
            0.24574961360123648
        ],
        [
            0.28360115645801115,
            0.4854434209641633,
            0.2309554225778256
        ],
        [
            0.21294996349750112,
            0.4876733868703317,
            0.2993766496321673
        ],
        [
            0.41430412371134057,
            0.4710051546391753,
            0.11469072164948428
        ],
        [
            0.22272812324580554,
            0.49023888230524537,
            0.2870329944489491
        ],
        [
            0.2098003737430664,
            0.4581615400587312,
            0.3320380861982024
        ],
        [
            0.21025677756688038,
            0.46137592665544536,
            0.3283672957776743
        ],
        [
            0.20118616890058386,
            0.4553490666885947,
            0.34346476441082147
        ],
        [
            0.20918732125834139,
            0.45999165872259284,
            0.3308210200190658
        ],
        [
            0.2218580470162748,
            0.4617992766726947,
            0.3163426763110306
        ],
        [
            0.1973094170403588,
            0.45659833440102504,
            0.34609224855861626
        ],
        [
            0.17623862976582155,
            0.44358428488484614,
            0.3801770853493323
        ],
        [
            0.19319700118764846,
            0.4575972387173397,
            0.3492057600950118
        ],
        [
            0.29595453613381373,
            0.4877991621993731,
            0.2162463016668131
        ],
        [
            0.2542253165834217,
            0.46909843095706566,
            0.27667625245951266
        ],
        [
            0.25423029302517547,
            0.47071123951024885,
            0.2750584674645756
        ],
        [
            0.21771756476859858,
            0.4586261926589929,
            0.32365624257240844
        ],
        [
            0.2758780036968576,
            0.47806531115218726,
            0.24605668515095505
        ],
        [
            0.26329555361813417,
            0.4776339615049293,
            0.2590704848769365
        ],
        [
            0.21011067558219973,
            0.4583813696103297,
            0.33150795480747064
        ],
        [
            0.2074978204010461,
            0.45989537925021795,
            0.33260680034873596
        ],
        [
            0.24928997159886407,
            0.4758990359614384,
            0.2748109924396976
        ],
        [
            0.21946250881454202,
            0.46971715114001417,
            0.3108203400454438
        ],
        [
            0.21523767214571304,
            0.46645935139937805,
            0.3183029764549088
        ],
        [
            0.23561750911933302,
            0.479598749348619,
            0.28478374153204794
        ],
        [
            0.23364905284147558,
            0.4707876370887338,
            0.2955633100697906
        ],
        [
            0.214706243100699,
            0.47228014227891585,
            0.31301361462038507
        ],
        [
            0.19721077654516636,
            0.45654516640253584,
            0.3462440570522979
        ],
        [
            0.20665877630834137,
            0.4638501518036331,
            0.3294910718880255
        ],
        [
            0.20560625245600994,
            0.46360738767847004,
            0.3307863598655199
        ],
        [
            0.20860439151470048,
            0.45610718273167106,
            0.33528842575362855
        ],
        [
            0.19176463808206548,
            0.4516482249884739,
            0.35658713692946065
        ],
        [
            0.2572748844760835,
            0.473023604346197,
            0.2697015111777195
        ],
        [
            0.2332090864336452,
            0.4800970532386242,
            0.28669386032773053
        ],
        [
            0.2743592074168332,
            0.4744137429558262,
            0.25122704962734055
        ],
        [
            0.22595440442465942,
            0.4662080129502225,
            0.30783758262511796
        ],
        [
            0.2510586528788339,
            0.47189013405703867,
            0.2770512130641275
        ],
        [
            0.1677513509249399,
            0.4464560407052419,
            0.3857926083698182
        ],
        [
            0.4060720211668685,
            0.47746535719090544,
            0.11646262164222615
        ],
        [
            0.19881889763779537,
            0.46965223097112857,
            0.331528871391076
        ],
        [
            0.4348746911401342,
            0.42552064948817525,
            0.1396046593716906
        ],
        [
            0.38833686268121825,
            0.4574034859097573,
            0.15425965140902437
        ],
        [
            0.4024477842855564,
            0.45419383357277043,
            0.14335838214167312
        ],
        [
            0.4315431679129844,
            0.4450033990482664,
            0.12345343303874923
        ],
        [
            0.36695024057786685,
            0.46248545133847685,
            0.17056430808365633
        ],
        [
            0.40284603535538754,
            0.4516980855277637,
            0.14545587911684882
        ],
        [
            0.3869499241274661,
            0.45907346246541086,
            0.1539766134071231
        ],
        [
            0.19318255042206325,
            0.4585991365423029,
            0.34821831303563383
        ],
        [
            0.3721914760084441,
            0.46226964112512126,
            0.16553888286643464
        ],
        [
            0.42374586747161136,
            0.4458530975995399,
            0.13040103492884866
        ],
        [
            0.4215191293616066,
            0.4478290138000673,
            0.1306518568383261
        ],
        [
            0.21139809096013487,
            0.4662174808160209,
            0.32238442822384433
        ],
        [
            0.2101543439058025,
            0.45950461440543117,
            0.3303410416887662
        ],
        [
            0.22569223424570328,
            0.47075907065563344,
            0.3035486950986633
        ],
        [
            0.20640240940444954,
            0.45613523754007573,
            0.33746235305547473
        ],
        [
            0.2235859433798413,
            0.4611050000964896,
            0.31530905652366903
        ],
        [
            0.21051401869158878,
            0.4635514018691589,
            0.32593457943925236
        ],
        [
            0.21423258120505823,
            0.4624349119761964,
            0.3233325068187453
        ],
        [
            0.21797141500064773,
            0.46249838075910016,
            0.31953020424025214
        ],
        [
            0.21038424896792635,
            0.4589816873081401,
            0.33063406372393356
        ],
        [
            0.23203302721375021,
            0.4662566349313335,
            0.30171033785491613
        ],
        [
            0.22608473384880823,
            0.5027158284874432,
            0.27119943766374843
        ],
        [
            0.22213581360624635,
            0.4928298130463184,
            0.28503437334743525
        ],
        [
            0.2630416312659303,
            0.4819031435853867,
            0.25505522514868306
        ],
        [
            0.17973815616227365,
            0.45616475790624295,
            0.36409708593148343
        ],
        [
            0.20053592912610732,
            0.45302417149732044,
            0.3464398993765722
        ],
        [
            0.37403491104397446,
            0.4626972138301444,
            0.16326787512588123
        ],
        [
            0.35742615940262795,
            0.4711617291883628,
            0.17141211140900925
        ],
        [
            0.351745171128431,
            0.4764063029481532,
            0.17184852592341587
        ],
        [
            0.1962361331220285,
            0.4651743264659272,
            0.3385895404120443
        ],
        [
            0.21984833348469718,
            0.45736082099718456,
            0.3227908455181182
        ],
        [
            0.20789913063503943,
            0.455006045253037,
            0.3370948241119236
        ],
        [
            0.325235430599154,
            0.49365360993585367,
            0.1811109594649925
        ],
        [
            0.36523623295634716,
            0.47032554698234863,
            0.1644382200613043
        ],
        [
            0.28870244799448336,
            0.47856568210550504,
            0.23273186990001155
        ],
        [
            0.19372215655968722,
            0.4534275843258478,
            0.35285025911446516
        ],
        [
            0.22000240702852333,
            0.4625406186063305,
            0.31745697436514614
        ],
        [
            0.33180276702379863,
            0.5003751388013565,
            0.16782209417484478
        ],
        [
            0.31796246648793564,
            0.4945487042001786,
            0.1874888293118857
        ],
        [
            0.3674380678729518,
            0.48609924671895627,
            0.14646268540809193
        ],
        [
            0.37288359206649374,
            0.48467390826333606,
            0.14244249967017014
        ],
        [
            0.3704061895551257,
            0.4729851708575113,
            0.1566086395873629
        ],
        [
            0.35144583116126465,
            0.46646836956855037,
            0.18208579927018492
        ],
        [
            0.3047865759356635,
            0.4733219919579336,
            0.22189143210640272
        ],
        [
            0.3900528501321253,
            0.4734805587013969,
            0.1364665911664779
        ],
        [
            0.3731996094067865,
            0.4858613394092279,
            0.1409390511839856
        ],
        [
            0.4098007074454319,
            0.468208092485549,
            0.12199120006901915
        ],
        [
            0.39386565039717153,
            0.4778915469029801,
            0.12824280269984847
        ],
        [
            0.38207142857142856,
            0.47559523809523807,
            0.14233333333333337
        ],
        [
            0.22330587381245465,
            0.4596155667076981,
            0.31707855947984737
        ],
        [
            0.21804593670553163,
            0.461339528359779,
            0.3206145349346893
        ],
        [
            0.20648541233854212,
            0.45366272242796485,
            0.3398518652334929
        ],
        [
            0.21987943591282288,
            0.45739341534600814,
            0.322727148741169
        ],
        [
            0.21480158223810128,
            0.4566288120454256,
            0.3285696057164732
        ],
        [
            0.21762837347740177,
            0.46479577799454747,
            0.3175758485280508
        ],
        [
            0.22246423232970322,
            0.46354900704676494,
            0.31398676062353187
        ],
        [
            0.21114730591187517,
            0.46149410059383716,
            0.32735859349428764
        ],
        [
            0.20965395804624098,
            0.4567192364620016,
            0.3336268054917573
        ],
        [
            0.22702840588160256,
            0.4609441903686024,
            0.31202740374979493
        ],
        [
            0.21444586099265833,
            0.46077871074573934,
            0.32477542826160233
        ],
        [
            0.22617696463431253,
            0.466472964997503,
            0.3073500703681845
        ],
        [
            0.21710279203706018,
            0.45656692124702636,
            0.32633028671591346
        ],
        [
            0.25877679231337763,
            0.4800443458980045,
            0.26117886178861777
        ],
        [
            0.22576131687242798,
            0.46477366255144026,
            0.30946502057613173
        ],
        [
            0.22581542914393857,
            0.4684682177446288,
            0.30571635311143264
        ],
        [
            0.19364867865867164,
            0.45303131245836115,
            0.3533200088829673
        ],
        [
            0.23066737715771288,
            0.46801982915919843,
            0.3013127936830887
        ],
        [
            0.23087052560036253,
            0.46428975985500676,
            0.3048397145446307
        ],
        [
            0.2505713790331479,
            0.4742524786028405,
            0.27517614236401167
        ],
        [
            0.27081067885754867,
            0.4810812010385922,
            0.24810812010385921
        ],
        [
            0.22157391875136748,
            0.46327766027277384,
            0.31514842097585866
        ],
        [
            0.19911894273127748,
            0.4566393958464443,
            0.34424166142227813
        ],
        [
            0.21569193660715802,
            0.46148358274872175,
            0.3228244806441202
        ],
        [
            0.21362819325671348,
            0.4687074459393213,
            0.31766436080396526
        ],
        [
            0.21296794257254423,
            0.4640727663852971,
            0.32295929104215854
        ],
        [
            0.2202032043767096,
            0.46048548375974074,
            0.3193113118635498
        ],
        [
            0.21041230545189762,
            0.46256484936743425,
            0.32702284518066804
        ],
        [
            0.21300165673450214,
            0.4604238273039737,
            0.32657451596152415
        ],
        [
            0.21274806592667345,
            0.4598385469223007,
            0.32741338715102586
        ],
        [
            0.21432580631233547,
            0.4618971546997107,
            0.3237770389879538
        ],
        [
            0.20929892179343304,
            0.45855491047470365,
            0.3321461677318633
        ],
        [
            0.21425371797168974,
            0.45981902884787673,
            0.3259272531804336
        ],
        [
            0.20257249988134232,
            0.4591105415539418,
            0.3383169585647158
        ],
        [
            0.1961529601474316,
            0.4647546648237732,
            0.33909237502879525
        ],
        [
            0.21427715894119043,
            0.4587375733620793,
            0.3269852676967302
        ],
        [
            0.23731404116568156,
            0.4649276543713063,
            0.29775830446301205
        ],
        [
            0.23972837148981388,
            0.46616351748113194,
            0.2941081110290542
        ]
    ],
    "nikon d5200": [
        [
            0.22859028986377009,
            0.5202477878466596,
            0.25116192228957035
        ],
        [
            0.20112900452748,
            0.49435497736259953,
            0.30451601810992035
        ],
        [
            0.20426251691474973,
            0.4982634190347315,
            0.29747406405051874
        ],
        [
            0.15887723493288403,
            0.4843486767023531,
            0.3567740883647627
        ],
        [
            0.19913944609417614,
            0.4927249588179228,
            0.30813559508790106
        ],
        [
            0.198534119257346,
            0.4965671015740557,
            0.30489877916859837
        ],
        [
            0.2020534978507317,
            0.49765028174346865,
            0.3002962204057997
        ],
        [
            0.24677284546805345,
            0.5079866270430906,
            0.24524052748885591
        ],
        [
            0.18730965025123425,
            0.49400226495585536,
            0.31868808479291044
        ],
        [
            0.17715690452995614,
            0.4875106551388213,
            0.3353324403312226
        ],
        [
            0.19771460423634335,
            0.49035674470457075,
            0.31192865105908585
        ],
        [
            0.18953564070039805,
            0.4985872578036389,
            0.31187710149596315
        ],
        [
            0.19427171660071596,
            0.48966773443879147,
            0.31606054896049246
        ],
        [
            0.19816387543984976,
            0.4885837500330714,
            0.31325237452707894
        ],
        [
            0.19000395304470383,
            0.4955571214959696,
            0.31443892545932667
        ],
        [
            0.19285537904354264,
            0.48960819820561363,
            0.31753642275084376
        ],
        [
            0.18863788589173716,
            0.4919320465201241,
            0.31943006758813863
        ],
        [
            0.18736519340753494,
            0.4907523616987698,
            0.32188244489369533
        ],
        [
            0.17692513471165974,
            0.4936752398058624,
            0.3293996254824778
        ],
        [
            0.1887694257071517,
            0.490999888197369,
            0.32023068609547944
        ],
        [
            0.18096667580712672,
            0.4868978721971261,
            0.33213545199574723
        ],
        [
            0.16899647687237193,
            0.48778270257983847,
            0.3432208205477896
        ],
        [
            0.18715734764020453,
            0.4903344790007546,
            0.3225081733590409
        ],
        [
            0.21219380811975508,
            0.4951094352460874,
            0.2926967566341575
        ],
        [
            0.2134206869168156,
            0.4979021904572828,
            0.2886771226259016
        ],
        [
            0.19955393825566387,
            0.49671322925225964,
            0.3037328324920766
        ],
        [
            0.1901453663865385,
            0.4999568787910729,
            0.30989775482238857
        ],
        [
            0.21026474828971997,
            0.4986655213669969,
            0.2910697303432832
        ],
        [
            0.19452221777803178,
            0.49692398529607834,
            0.30855379692588997
        ],
        [
            0.19463525147258723,
            0.4953692795650203,
            0.3099954689623924
        ],
        [
            0.20143727972999348,
            0.4959303860680297,
            0.3026323342019768
        ],
        [
            0.19241718781205092,
            0.4932900492232748,
            0.3142927629646743
        ],
        [
            0.17224813057811364,
            0.4924017045911394,
            0.335350164830747
        ],
        [
            0.34894973055041123,
            0.503962493951983,
            0.1470877754976058
        ],
        [
            0.386393357630909,
            0.4957014957711385,
            0.11790514659795251
        ],
        [
            0.18786407766990296,
            0.4907178581935862,
            0.3214180641365107
        ],
        [
            0.1972040874254896,
            0.4885514239757783,
            0.31424448859873205
        ],
        [
            0.18906259693529376,
            0.4889881506296916,
            0.3219492524350146
        ],
        [
            0.19094955750655382,
            0.49166915917448145,
            0.31738128331896476
        ],
        [
            0.20113885238720985,
            0.4872974156811214,
            0.31156373193166875
        ],
        [
            0.199157716182524,
            0.49579223665835603,
            0.30505004715912004
        ],
        [
            0.2212497635412069,
            0.4964625764550099,
            0.28228766000378325
        ],
        [
            0.1948343975948518,
            0.4899868313166199,
            0.3151787710885283
        ],
        [
            0.18660626883433462,
            0.4954413712355323,
            0.317952359930133
        ],
        [
            0.41420203296387764,
            0.48991175175635054,
            0.09588621527977187
        ],
        [
            0.4447276514214368,
            0.45580340960742927,
            0.09946893897113397
        ],
        [
            0.17730020147750167,
            0.5262400460520004,
            0.296459752470498
        ],
        [
            0.23627605856300601,
            0.5226522609946683,
            0.24107168044232566
        ],
        [
            0.270288560954977,
            0.513356518469781,
            0.21635492057524203
        ],
        [
            0.18419613824062625,
            0.5241863543495151,
            0.2916175074098587
        ],
        [
            0.3996887575163217,
            0.4888716999548791,
            0.11143954252879916
        ],
        [
            0.18828364654376512,
            0.5205547448153995,
            0.29116160864083546
        ],
        [
            0.18465144972239356,
            0.486637877853177,
            0.32871067242442936
        ],
        [
            0.18839644647377043,
            0.49178619286316927,
            0.3198173606630603
        ],
        [
            0.17748824072070432,
            0.48846850335409947,
            0.33404325592519624
        ],
        [
            0.18871062259459284,
            0.48961814409477505,
            0.3216712333106321
        ],
        [
            0.19362940793891678,
            0.4873650981657053,
            0.31900549389537797
        ],
        [
            0.17614803061414974,
            0.48942971812581654,
            0.33442225126003366
        ],
        [
            0.15690967972532416,
            0.4823507749629036,
            0.3607395453117724
        ],
        [
            0.17504807109324927,
            0.4916590157118852,
            0.3332929131948656
        ],
        [
            0.2675344339161864,
            0.518144964345023,
            0.21432060173879064
        ],
        [
            0.23137451866733633,
            0.49347061778001006,
            0.2751548635526537
        ],
        [
            0.23605894250216702,
            0.49815082346142736,
            0.2657902340364056
        ],
        [
            0.19399316185836551,
            0.4884131488971821,
            0.31759368924445236
        ],
        [
            0.2521872064538707,
            0.5053874348442708,
            0.2424253587018584
        ],
        [
            0.2510577472841624,
            0.5064608347627215,
            0.24248141795311604
        ],
        [
            0.19399823847670178,
            0.4906681206224049,
            0.31533364090089333
        ],
        [
            0.18469217970049914,
            0.4902590171236915,
            0.32504880317580925
        ],
        [
            0.224777782329087,
            0.5091959202064473,
            0.2660262974644657
        ],
        [
            0.19304202781997445,
            0.4999553212402823,
            0.3070026509397432
        ],
        [
            0.1864536456036512,
            0.498796576219496,
            0.3147497781768528
        ],
        [
            0.20385093635781296,
            0.5080573244407601,
            0.28809173920142694
        ],
        [
            0.22747318350761653,
            0.5036686117048933,
            0.26885820478749006
        ],
        [
            0.1974117228497732,
            0.5008894423196656,
            0.30169883483056126
        ],
        [
            0.1721888029536268,
            0.49037206785702914,
            0.3374391291893441
        ],
        [
            0.18673057043510952,
            0.49647589512263895,
            0.31679353444225156
        ],
        [
            0.1829461601530472,
            0.4920105675503326,
            0.3250432722966203
        ],
        [
            0.18387047878891222,
            0.4909149472328009,
            0.32521457397828685
        ],
        [
            0.16199088578752494,
            0.4797600398746796,
            0.35824907433779546
        ],
        [
            0.23599387012323603,
            0.5017559542813358,
            0.2622501755954282
        ],
        [
            0.221335383363104,
            0.5068623239197775,
            0.2718022927171185
